{
 "cells": [
  {
   "cell_type": "code",
   "id": "initial_id",
   "metadata": {
    "collapsed": true,
    "ExecuteTime": {
     "end_time": "2025-02-25T05:25:34.128027Z",
     "start_time": "2025-02-25T05:25:18.982497Z"
    }
   },
   "source": [
    "import h5py\n",
    "import numpy as np\n",
    "from itertools import combinations\n",
    "from sklearn.cluster import KMeans"
   ],
   "outputs": [],
   "execution_count": 1
  },
  {
   "metadata": {
    "ExecuteTime": {
     "end_time": "2025-02-25T05:25:34.149189Z",
     "start_time": "2025-02-25T05:25:34.142889Z"
    }
   },
   "cell_type": "code",
   "source": [
    "def load_h5_file(file, num_cost_matrices):\n",
    "    \"\"\"Loads the train and test embeddings\"\"\"\n",
    "    with h5py.File(file, 'r') as f:\n",
    "        cost_matrices = {i:np.array(f[f'cost_matrix_{i}']) for i in range(num_cost_matrices)}\n",
    "    return cost_matrices\n"
   ],
   "id": "c34fbb9d19bb122b",
   "outputs": [],
   "execution_count": 2
  },
  {
   "metadata": {
    "ExecuteTime": {
     "end_time": "2025-02-25T05:25:38.906061Z",
     "start_time": "2025-02-25T05:25:34.176033Z"
    }
   },
   "cell_type": "code",
   "source": [
    "len_dataset = 188\n",
    "num_cost_matrices = len(list(combinations(range(len_dataset), r=2)))\n",
    "\n",
    "print(f'Number of cost matrices: {num_cost_matrices}')\n",
    "\n",
    "cost_matrices = load_h5_file('../data/cost_matrices.h5', num_cost_matrices)"
   ],
   "id": "601a503b9fc152bd",
   "outputs": [
    {
     "name": "stdout",
     "output_type": "stream",
     "text": [
      "Number of cost matrices: 17578\n"
     ]
    }
   ],
   "execution_count": 3
  },
  {
   "metadata": {
    "ExecuteTime": {
     "end_time": "2025-02-25T05:25:39.133264Z",
     "start_time": "2025-02-25T05:25:39.124633Z"
    }
   },
   "cell_type": "code",
   "source": "cost_matrices[0]",
   "id": "294250bd391e9859",
   "outputs": [
    {
     "data": {
      "text/plain": [
       "array([[0.13855484, 0.13845885, 1.84178903, 8.33910386, 4.33924013,\n",
       "        1.54351854, 1.62207349, 1.62207708, 4.26150579, 8.12694368,\n",
       "        1.97717433, 0.70526678, 1.67934353, 1.01150449, 4.58241239,\n",
       "        4.76704108, 4.76704108],\n",
       "       [1.36842527, 1.36843859, 1.13961124, 7.90360381, 3.57798544,\n",
       "        0.53724399, 0.73316307, 0.73315077, 3.48328601, 7.67941813,\n",
       "        1.34748111, 2.10670704, 2.37059793, 0.71430031, 4.63460039,\n",
       "        5.01832703, 5.01832703],\n",
       "       [2.45242473, 2.45243216, 2.27469461, 7.58660316, 2.93104686,\n",
       "        2.04664173, 2.10657052, 2.10656624, 2.81480159, 7.35370117,\n",
       "        2.38405153, 3.00860427, 3.24260571, 2.11382245, 5.16500119,\n",
       "        5.23503958, 5.23503958],\n",
       "       [1.36098197, 1.36099536, 1.1403106 , 7.90370468, 3.57820825,\n",
       "        0.5387259 , 0.73424967, 0.73423739, 3.48351488, 7.67952195,\n",
       "        1.34807263, 2.09980534, 2.36722034, 0.71541556, 4.6336976 ,\n",
       "        5.01794937, 5.01794937],\n",
       "       [0.27703624, 0.27700247, 1.96837194, 8.43669469, 4.50169187,\n",
       "        1.6925447 , 1.76448533, 1.76448758, 4.42680932, 8.22705119,\n",
       "        2.09559409, 0.54436064, 1.60346112, 1.12758955, 4.61384684,\n",
       "        4.82365019, 4.82365019],\n",
       "       [1.26254947, 1.26254331, 2.44857401, 8.58986845, 4.77265652,\n",
       "        2.23287191, 2.28788746, 2.28788888, 4.70209051, 8.38405579,\n",
       "        2.55196771, 1.12847232, 1.29389919, 1.81451678, 4.50919282,\n",
       "        4.5602035 , 4.5602035 ],\n",
       "       [3.8571529 , 3.85728103, 4.27279025, 9.05244965, 5.99395358,\n",
       "        4.25690318, 4.26181226, 4.26175755, 5.96715666, 8.86589131,\n",
       "        4.31855516, 3.80540993, 3.91078517, 4.06897398, 2.5126827 ,\n",
       "        4.06436983, 4.06436983],\n",
       "       [1.68685188, 1.68685811, 2.63469225, 8.70719146, 4.96237753,\n",
       "        2.4354887 , 2.48605054, 2.48604837, 4.89454013, 8.50421691,\n",
       "        2.7310446 , 1.66347551, 0.13842783, 2.00529141, 4.9204718 ,\n",
       "        5.04459557, 5.04459557],\n",
       "       [1.74142389, 1.7414084 , 2.77886018, 8.74686992, 5.03135994,\n",
       "        2.59084472, 2.63838057, 2.63838522, 4.96448022, 8.54484146,\n",
       "        2.87038546, 1.60244598, 0.41038485, 2.17878516, 4.94067311,\n",
       "        4.96649263, 4.96649263],\n",
       "       [1.0489629 , 1.04892411, 2.60365637, 8.69059557, 4.9355479 ,\n",
       "        2.40199692, 2.45317496, 2.4531826 , 4.86736664, 8.48722194,\n",
       "        2.70112804, 0.40010909, 1.80267871, 1.91938257, 4.74711006,\n",
       "        4.75523324, 4.75523324],\n",
       "       [4.60078965, 4.60090267, 4.63830696, 8.83470472, 6.05458009,\n",
       "        4.64374796, 4.65495218, 4.65489949, 6.03570288, 8.65349668,\n",
       "        4.65445803, 4.71905684, 4.9471019 , 4.59811514, 0.08263569,\n",
       "        3.74822884, 3.74822884],\n",
       "       [4.80277771, 4.80288164, 4.89554476, 8.37226051, 5.94933366,\n",
       "        4.98596714, 4.9846615 , 4.98461426, 5.95108043, 8.19741178,\n",
       "        4.87904504, 4.80001732, 5.07339182, 4.93200601, 3.7592952 ,\n",
       "        0.04097388, 0.04097388],\n",
       "       [4.80277771, 4.80288164, 4.89554476, 8.37226051, 5.94933366,\n",
       "        4.98596714, 4.9846615 , 4.98461426, 5.95108043, 8.19741178,\n",
       "        4.87904504, 4.80001732, 5.07339182, 4.93200601, 3.7592952 ,\n",
       "        0.04097388, 0.04097388]])"
      ]
     },
     "execution_count": 4,
     "metadata": {},
     "output_type": "execute_result"
    }
   ],
   "execution_count": 4
  },
  {
   "metadata": {
    "ExecuteTime": {
     "end_time": "2025-02-25T05:39:45.814273Z",
     "start_time": "2025-02-25T05:39:45.805431Z"
    }
   },
   "cell_type": "code",
   "source": [
    "kmeans_rows = KMeans(n_clusters=2)\n",
    "kmeans_rows.fit(cost_matrices[0])\n",
    "row_clusters = kmeans_rows.labels_"
   ],
   "id": "c889a343ac5852e7",
   "outputs": [],
   "execution_count": 12
  },
  {
   "metadata": {
    "ExecuteTime": {
     "end_time": "2025-02-25T05:26:11.503370Z",
     "start_time": "2025-02-25T05:26:11.498719Z"
    }
   },
   "cell_type": "code",
   "source": "transpose_matrix = cost_matrices[0].T",
   "id": "a41a85e8ccbe8399",
   "outputs": [],
   "execution_count": 7
  },
  {
   "metadata": {
    "ExecuteTime": {
     "end_time": "2025-02-25T05:26:12.400357Z",
     "start_time": "2025-02-25T05:26:12.393479Z"
    }
   },
   "cell_type": "code",
   "source": "transpose_matrix",
   "id": "bc515d8f4bbb61cf",
   "outputs": [
    {
     "data": {
      "text/plain": [
       "array([[0.13855484, 1.36842527, 2.45242473, 1.36098197, 0.27703624,\n",
       "        1.26254947, 3.8571529 , 1.68685188, 1.74142389, 1.0489629 ,\n",
       "        4.60078965, 4.80277771, 4.80277771],\n",
       "       [0.13845885, 1.36843859, 2.45243216, 1.36099536, 0.27700247,\n",
       "        1.26254331, 3.85728103, 1.68685811, 1.7414084 , 1.04892411,\n",
       "        4.60090267, 4.80288164, 4.80288164],\n",
       "       [1.84178903, 1.13961124, 2.27469461, 1.1403106 , 1.96837194,\n",
       "        2.44857401, 4.27279025, 2.63469225, 2.77886018, 2.60365637,\n",
       "        4.63830696, 4.89554476, 4.89554476],\n",
       "       [8.33910386, 7.90360381, 7.58660316, 7.90370468, 8.43669469,\n",
       "        8.58986845, 9.05244965, 8.70719146, 8.74686992, 8.69059557,\n",
       "        8.83470472, 8.37226051, 8.37226051],\n",
       "       [4.33924013, 3.57798544, 2.93104686, 3.57820825, 4.50169187,\n",
       "        4.77265652, 5.99395358, 4.96237753, 5.03135994, 4.9355479 ,\n",
       "        6.05458009, 5.94933366, 5.94933366],\n",
       "       [1.54351854, 0.53724399, 2.04664173, 0.5387259 , 1.6925447 ,\n",
       "        2.23287191, 4.25690318, 2.4354887 , 2.59084472, 2.40199692,\n",
       "        4.64374796, 4.98596714, 4.98596714],\n",
       "       [1.62207349, 0.73316307, 2.10657052, 0.73424967, 1.76448533,\n",
       "        2.28788746, 4.26181226, 2.48605054, 2.63838057, 2.45317496,\n",
       "        4.65495218, 4.9846615 , 4.9846615 ],\n",
       "       [1.62207708, 0.73315077, 2.10656624, 0.73423739, 1.76448758,\n",
       "        2.28788888, 4.26175755, 2.48604837, 2.63838522, 2.4531826 ,\n",
       "        4.65489949, 4.98461426, 4.98461426],\n",
       "       [4.26150579, 3.48328601, 2.81480159, 3.48351488, 4.42680932,\n",
       "        4.70209051, 5.96715666, 4.89454013, 4.96448022, 4.86736664,\n",
       "        6.03570288, 5.95108043, 5.95108043],\n",
       "       [8.12694368, 7.67941813, 7.35370117, 7.67952195, 8.22705119,\n",
       "        8.38405579, 8.86589131, 8.50421691, 8.54484146, 8.48722194,\n",
       "        8.65349668, 8.19741178, 8.19741178],\n",
       "       [1.97717433, 1.34748111, 2.38405153, 1.34807263, 2.09559409,\n",
       "        2.55196771, 4.31855516, 2.7310446 , 2.87038546, 2.70112804,\n",
       "        4.65445803, 4.87904504, 4.87904504],\n",
       "       [0.70526678, 2.10670704, 3.00860427, 2.09980534, 0.54436064,\n",
       "        1.12847232, 3.80540993, 1.66347551, 1.60244598, 0.40010909,\n",
       "        4.71905684, 4.80001732, 4.80001732],\n",
       "       [1.67934353, 2.37059793, 3.24260571, 2.36722034, 1.60346112,\n",
       "        1.29389919, 3.91078517, 0.13842783, 0.41038485, 1.80267871,\n",
       "        4.9471019 , 5.07339182, 5.07339182],\n",
       "       [1.01150449, 0.71430031, 2.11382245, 0.71541556, 1.12758955,\n",
       "        1.81451678, 4.06897398, 2.00529141, 2.17878516, 1.91938257,\n",
       "        4.59811514, 4.93200601, 4.93200601],\n",
       "       [4.58241239, 4.63460039, 5.16500119, 4.6336976 , 4.61384684,\n",
       "        4.50919282, 2.5126827 , 4.9204718 , 4.94067311, 4.74711006,\n",
       "        0.08263569, 3.7592952 , 3.7592952 ],\n",
       "       [4.76704108, 5.01832703, 5.23503958, 5.01794937, 4.82365019,\n",
       "        4.5602035 , 4.06436983, 5.04459557, 4.96649263, 4.75523324,\n",
       "        3.74822884, 0.04097388, 0.04097388],\n",
       "       [4.76704108, 5.01832703, 5.23503958, 5.01794937, 4.82365019,\n",
       "        4.5602035 , 4.06436983, 5.04459557, 4.96649263, 4.75523324,\n",
       "        3.74822884, 0.04097388, 0.04097388]])"
      ]
     },
     "execution_count": 8,
     "metadata": {},
     "output_type": "execute_result"
    }
   ],
   "execution_count": 8
  },
  {
   "metadata": {
    "ExecuteTime": {
     "end_time": "2025-02-25T05:39:53.713149Z",
     "start_time": "2025-02-25T05:39:53.707971Z"
    }
   },
   "cell_type": "code",
   "source": [
    "kmeans_cols = KMeans(n_clusters=3)\n",
    "kmeans_cols.fit(transpose_matrix)\n",
    "col_clusters = kmeans_cols.labels_"
   ],
   "id": "4fbcb411c9a7806b",
   "outputs": [],
   "execution_count": 13
  },
  {
   "metadata": {
    "ExecuteTime": {
     "end_time": "2025-02-25T05:40:08.454717Z",
     "start_time": "2025-02-25T05:40:08.450208Z"
    }
   },
   "cell_type": "code",
   "source": [
    "row_ids = np.unique(row_clusters)\n",
    "col_ids = np.unique(col_clusters)"
   ],
   "id": "7559235b27df76ec",
   "outputs": [],
   "execution_count": 14
  },
  {
   "metadata": {
    "ExecuteTime": {
     "end_time": "2025-02-25T05:40:13.993964Z",
     "start_time": "2025-02-25T05:40:13.988004Z"
    }
   },
   "cell_type": "code",
   "source": "row_ids",
   "id": "22e3f00657f2654e",
   "outputs": [
    {
     "data": {
      "text/plain": [
       "array([0, 1], dtype=int32)"
      ]
     },
     "execution_count": 15,
     "metadata": {},
     "output_type": "execute_result"
    }
   ],
   "execution_count": 15
  },
  {
   "metadata": {
    "ExecuteTime": {
     "end_time": "2025-02-25T05:40:17.729266Z",
     "start_time": "2025-02-25T05:40:17.722523Z"
    }
   },
   "cell_type": "code",
   "source": "col_ids",
   "id": "f03a16bc6846c7fe",
   "outputs": [
    {
     "data": {
      "text/plain": [
       "array([0, 1, 2], dtype=int32)"
      ]
     },
     "execution_count": 16,
     "metadata": {},
     "output_type": "execute_result"
    }
   ],
   "execution_count": 16
  },
  {
   "metadata": {
    "ExecuteTime": {
     "end_time": "2025-02-25T05:41:50.259812Z",
     "start_time": "2025-02-25T05:41:50.252654Z"
    }
   },
   "cell_type": "code",
   "source": [
    "sub_matrices = []\n",
    "for row_id in row_ids:\n",
    "    for col_id in col_ids:\n",
    "        row_indices = np.where(row_clusters == row_id)[0]\n",
    "        col_indices = np.where(col_clusters == col_id)[0]\n",
    "\n",
    "        sub_matrix = cost_matrices[0][row_indices, :][:, col_indices]\n",
    "        sub_matrices.append(sub_matrix)"
   ],
   "id": "313d420865bd1507",
   "outputs": [],
   "execution_count": 17
  },
  {
   "metadata": {
    "ExecuteTime": {
     "end_time": "2025-02-25T05:41:53.989343Z",
     "start_time": "2025-02-25T05:41:53.979387Z"
    }
   },
   "cell_type": "code",
   "source": "sub_matrices",
   "id": "4a9085b90eac4738",
   "outputs": [
    {
     "data": {
      "text/plain": [
       "[array([[2.5126827 , 4.06436983, 4.06436983],\n",
       "        [0.08263569, 3.74822884, 3.74822884],\n",
       "        [3.7592952 , 0.04097388, 0.04097388],\n",
       "        [3.7592952 , 0.04097388, 0.04097388]]),\n",
       " array([[3.8571529 , 3.85728103, 4.27279025, 5.99395358, 4.25690318,\n",
       "         4.26181226, 4.26175755, 5.96715666, 4.31855516, 3.80540993,\n",
       "         3.91078517, 4.06897398],\n",
       "        [4.60078965, 4.60090267, 4.63830696, 6.05458009, 4.64374796,\n",
       "         4.65495218, 4.65489949, 6.03570288, 4.65445803, 4.71905684,\n",
       "         4.9471019 , 4.59811514],\n",
       "        [4.80277771, 4.80288164, 4.89554476, 5.94933366, 4.98596714,\n",
       "         4.9846615 , 4.98461426, 5.95108043, 4.87904504, 4.80001732,\n",
       "         5.07339182, 4.93200601],\n",
       "        [4.80277771, 4.80288164, 4.89554476, 5.94933366, 4.98596714,\n",
       "         4.9846615 , 4.98461426, 5.95108043, 4.87904504, 4.80001732,\n",
       "         5.07339182, 4.93200601]]),\n",
       " array([[9.05244965, 8.86589131],\n",
       "        [8.83470472, 8.65349668],\n",
       "        [8.37226051, 8.19741178],\n",
       "        [8.37226051, 8.19741178]]),\n",
       " array([[4.58241239, 4.76704108, 4.76704108],\n",
       "        [4.63460039, 5.01832703, 5.01832703],\n",
       "        [5.16500119, 5.23503958, 5.23503958],\n",
       "        [4.6336976 , 5.01794937, 5.01794937],\n",
       "        [4.61384684, 4.82365019, 4.82365019],\n",
       "        [4.50919282, 4.5602035 , 4.5602035 ],\n",
       "        [4.9204718 , 5.04459557, 5.04459557],\n",
       "        [4.94067311, 4.96649263, 4.96649263],\n",
       "        [4.74711006, 4.75523324, 4.75523324]]),\n",
       " array([[0.13855484, 0.13845885, 1.84178903, 4.33924013, 1.54351854,\n",
       "         1.62207349, 1.62207708, 4.26150579, 1.97717433, 0.70526678,\n",
       "         1.67934353, 1.01150449],\n",
       "        [1.36842527, 1.36843859, 1.13961124, 3.57798544, 0.53724399,\n",
       "         0.73316307, 0.73315077, 3.48328601, 1.34748111, 2.10670704,\n",
       "         2.37059793, 0.71430031],\n",
       "        [2.45242473, 2.45243216, 2.27469461, 2.93104686, 2.04664173,\n",
       "         2.10657052, 2.10656624, 2.81480159, 2.38405153, 3.00860427,\n",
       "         3.24260571, 2.11382245],\n",
       "        [1.36098197, 1.36099536, 1.1403106 , 3.57820825, 0.5387259 ,\n",
       "         0.73424967, 0.73423739, 3.48351488, 1.34807263, 2.09980534,\n",
       "         2.36722034, 0.71541556],\n",
       "        [0.27703624, 0.27700247, 1.96837194, 4.50169187, 1.6925447 ,\n",
       "         1.76448533, 1.76448758, 4.42680932, 2.09559409, 0.54436064,\n",
       "         1.60346112, 1.12758955],\n",
       "        [1.26254947, 1.26254331, 2.44857401, 4.77265652, 2.23287191,\n",
       "         2.28788746, 2.28788888, 4.70209051, 2.55196771, 1.12847232,\n",
       "         1.29389919, 1.81451678],\n",
       "        [1.68685188, 1.68685811, 2.63469225, 4.96237753, 2.4354887 ,\n",
       "         2.48605054, 2.48604837, 4.89454013, 2.7310446 , 1.66347551,\n",
       "         0.13842783, 2.00529141],\n",
       "        [1.74142389, 1.7414084 , 2.77886018, 5.03135994, 2.59084472,\n",
       "         2.63838057, 2.63838522, 4.96448022, 2.87038546, 1.60244598,\n",
       "         0.41038485, 2.17878516],\n",
       "        [1.0489629 , 1.04892411, 2.60365637, 4.9355479 , 2.40199692,\n",
       "         2.45317496, 2.4531826 , 4.86736664, 2.70112804, 0.40010909,\n",
       "         1.80267871, 1.91938257]]),\n",
       " array([[8.33910386, 8.12694368],\n",
       "        [7.90360381, 7.67941813],\n",
       "        [7.58660316, 7.35370117],\n",
       "        [7.90370468, 7.67952195],\n",
       "        [8.43669469, 8.22705119],\n",
       "        [8.58986845, 8.38405579],\n",
       "        [8.70719146, 8.50421691],\n",
       "        [8.74686992, 8.54484146],\n",
       "        [8.69059557, 8.48722194]])]"
      ]
     },
     "execution_count": 18,
     "metadata": {},
     "output_type": "execute_result"
    }
   ],
   "execution_count": 18
  },
  {
   "metadata": {
    "ExecuteTime": {
     "end_time": "2025-02-25T05:42:48.848504Z",
     "start_time": "2025-02-25T05:42:48.844670Z"
    }
   },
   "cell_type": "code",
   "source": "len(sub_matrices)",
   "id": "f112f14d22f1fe85",
   "outputs": [
    {
     "data": {
      "text/plain": [
       "6"
      ]
     },
     "execution_count": 20,
     "metadata": {},
     "output_type": "execute_result"
    }
   ],
   "execution_count": 20
  },
  {
   "metadata": {
    "ExecuteTime": {
     "end_time": "2025-02-25T05:42:55.099184Z",
     "start_time": "2025-02-25T05:42:55.093950Z"
    }
   },
   "cell_type": "code",
   "source": "sub_matrices[0]",
   "id": "604ca1eda42ba8d7",
   "outputs": [
    {
     "data": {
      "text/plain": [
       "array([[2.5126827 , 4.06436983, 4.06436983],\n",
       "       [0.08263569, 3.74822884, 3.74822884],\n",
       "       [3.7592952 , 0.04097388, 0.04097388],\n",
       "       [3.7592952 , 0.04097388, 0.04097388]])"
      ]
     },
     "execution_count": 21,
     "metadata": {},
     "output_type": "execute_result"
    }
   ],
   "execution_count": 21
  },
  {
   "metadata": {
    "ExecuteTime": {
     "end_time": "2025-02-25T05:43:38.049899Z",
     "start_time": "2025-02-25T05:43:38.041209Z"
    }
   },
   "cell_type": "code",
   "source": "sub_matrices[1]",
   "id": "e0cc148c19acb4f0",
   "outputs": [
    {
     "data": {
      "text/plain": [
       "array([[3.8571529 , 3.85728103, 4.27279025, 5.99395358, 4.25690318,\n",
       "        4.26181226, 4.26175755, 5.96715666, 4.31855516, 3.80540993,\n",
       "        3.91078517, 4.06897398],\n",
       "       [4.60078965, 4.60090267, 4.63830696, 6.05458009, 4.64374796,\n",
       "        4.65495218, 4.65489949, 6.03570288, 4.65445803, 4.71905684,\n",
       "        4.9471019 , 4.59811514],\n",
       "       [4.80277771, 4.80288164, 4.89554476, 5.94933366, 4.98596714,\n",
       "        4.9846615 , 4.98461426, 5.95108043, 4.87904504, 4.80001732,\n",
       "        5.07339182, 4.93200601],\n",
       "       [4.80277771, 4.80288164, 4.89554476, 5.94933366, 4.98596714,\n",
       "        4.9846615 , 4.98461426, 5.95108043, 4.87904504, 4.80001732,\n",
       "        5.07339182, 4.93200601]])"
      ]
     },
     "execution_count": 22,
     "metadata": {},
     "output_type": "execute_result"
    }
   ],
   "execution_count": 22
  },
  {
   "metadata": {
    "ExecuteTime": {
     "end_time": "2025-02-25T05:44:04.523925Z",
     "start_time": "2025-02-25T05:44:04.516625Z"
    }
   },
   "cell_type": "code",
   "source": "sub_matrices[2]",
   "id": "a4ba373e27904f2c",
   "outputs": [
    {
     "data": {
      "text/plain": [
       "array([[9.05244965, 8.86589131],\n",
       "       [8.83470472, 8.65349668],\n",
       "       [8.37226051, 8.19741178],\n",
       "       [8.37226051, 8.19741178]])"
      ]
     },
     "execution_count": 23,
     "metadata": {},
     "output_type": "execute_result"
    }
   ],
   "execution_count": 23
  },
  {
   "metadata": {
    "ExecuteTime": {
     "end_time": "2025-02-25T05:44:14.134983Z",
     "start_time": "2025-02-25T05:44:14.127668Z"
    }
   },
   "cell_type": "code",
   "source": "sub_matrices[3]",
   "id": "50434e9195f9f789",
   "outputs": [
    {
     "data": {
      "text/plain": [
       "array([[4.58241239, 4.76704108, 4.76704108],\n",
       "       [4.63460039, 5.01832703, 5.01832703],\n",
       "       [5.16500119, 5.23503958, 5.23503958],\n",
       "       [4.6336976 , 5.01794937, 5.01794937],\n",
       "       [4.61384684, 4.82365019, 4.82365019],\n",
       "       [4.50919282, 4.5602035 , 4.5602035 ],\n",
       "       [4.9204718 , 5.04459557, 5.04459557],\n",
       "       [4.94067311, 4.96649263, 4.96649263],\n",
       "       [4.74711006, 4.75523324, 4.75523324]])"
      ]
     },
     "execution_count": 24,
     "metadata": {},
     "output_type": "execute_result"
    }
   ],
   "execution_count": 24
  },
  {
   "metadata": {
    "ExecuteTime": {
     "end_time": "2025-02-25T05:44:19.302418Z",
     "start_time": "2025-02-25T05:44:19.292858Z"
    }
   },
   "cell_type": "code",
   "source": "sub_matrices[4]",
   "id": "bb3ffdc61c334b93",
   "outputs": [
    {
     "data": {
      "text/plain": [
       "array([[0.13855484, 0.13845885, 1.84178903, 4.33924013, 1.54351854,\n",
       "        1.62207349, 1.62207708, 4.26150579, 1.97717433, 0.70526678,\n",
       "        1.67934353, 1.01150449],\n",
       "       [1.36842527, 1.36843859, 1.13961124, 3.57798544, 0.53724399,\n",
       "        0.73316307, 0.73315077, 3.48328601, 1.34748111, 2.10670704,\n",
       "        2.37059793, 0.71430031],\n",
       "       [2.45242473, 2.45243216, 2.27469461, 2.93104686, 2.04664173,\n",
       "        2.10657052, 2.10656624, 2.81480159, 2.38405153, 3.00860427,\n",
       "        3.24260571, 2.11382245],\n",
       "       [1.36098197, 1.36099536, 1.1403106 , 3.57820825, 0.5387259 ,\n",
       "        0.73424967, 0.73423739, 3.48351488, 1.34807263, 2.09980534,\n",
       "        2.36722034, 0.71541556],\n",
       "       [0.27703624, 0.27700247, 1.96837194, 4.50169187, 1.6925447 ,\n",
       "        1.76448533, 1.76448758, 4.42680932, 2.09559409, 0.54436064,\n",
       "        1.60346112, 1.12758955],\n",
       "       [1.26254947, 1.26254331, 2.44857401, 4.77265652, 2.23287191,\n",
       "        2.28788746, 2.28788888, 4.70209051, 2.55196771, 1.12847232,\n",
       "        1.29389919, 1.81451678],\n",
       "       [1.68685188, 1.68685811, 2.63469225, 4.96237753, 2.4354887 ,\n",
       "        2.48605054, 2.48604837, 4.89454013, 2.7310446 , 1.66347551,\n",
       "        0.13842783, 2.00529141],\n",
       "       [1.74142389, 1.7414084 , 2.77886018, 5.03135994, 2.59084472,\n",
       "        2.63838057, 2.63838522, 4.96448022, 2.87038546, 1.60244598,\n",
       "        0.41038485, 2.17878516],\n",
       "       [1.0489629 , 1.04892411, 2.60365637, 4.9355479 , 2.40199692,\n",
       "        2.45317496, 2.4531826 , 4.86736664, 2.70112804, 0.40010909,\n",
       "        1.80267871, 1.91938257]])"
      ]
     },
     "execution_count": 25,
     "metadata": {},
     "output_type": "execute_result"
    }
   ],
   "execution_count": 25
  },
  {
   "metadata": {
    "ExecuteTime": {
     "end_time": "2025-02-25T05:44:22.897240Z",
     "start_time": "2025-02-25T05:44:22.891106Z"
    }
   },
   "cell_type": "code",
   "source": "sub_matrices[5]",
   "id": "6e4eb2bb8cf1ecb9",
   "outputs": [
    {
     "data": {
      "text/plain": [
       "array([[8.33910386, 8.12694368],\n",
       "       [7.90360381, 7.67941813],\n",
       "       [7.58660316, 7.35370117],\n",
       "       [7.90370468, 7.67952195],\n",
       "       [8.43669469, 8.22705119],\n",
       "       [8.58986845, 8.38405579],\n",
       "       [8.70719146, 8.50421691],\n",
       "       [8.74686992, 8.54484146],\n",
       "       [8.69059557, 8.48722194]])"
      ]
     },
     "execution_count": 26,
     "metadata": {},
     "output_type": "execute_result"
    }
   ],
   "execution_count": 26
  },
  {
   "metadata": {},
   "cell_type": "code",
   "outputs": [],
   "execution_count": null,
   "source": "",
   "id": "192e9a3305e5e529"
  }
 ],
 "metadata": {
  "kernelspec": {
   "display_name": "Python 3",
   "language": "python",
   "name": "python3"
  },
  "language_info": {
   "codemirror_mode": {
    "name": "ipython",
    "version": 2
   },
   "file_extension": ".py",
   "mimetype": "text/x-python",
   "name": "python",
   "nbconvert_exporter": "python",
   "pygments_lexer": "ipython2",
   "version": "2.7.6"
  }
 },
 "nbformat": 4,
 "nbformat_minor": 5
}
